=== Predictions on test set ===

inst#,    actual, predicted, error, probability distribution
     1          ?    6:kaget      +   0.052  0.047  0.065  0.079  0.291 *0.387  0.078
     2          ?    5:sedih      +   0.002  0      0.024  0.001 *0.971  0.002  0    
     3          ?    5:sedih      +   0.007  0      0.039  0.013 *0.94   0      0    
     4          ?    6:kaget      +   0.088  0.051  0.024  0.028  0.302 *0.482  0.026
     5          ?    6:kaget      +   0.298  0.002  0.003  0.01   0.055 *0.598  0.035
     6          ?   4:senang      +   0      0      0.005 *0.616  0.025  0.261  0.092
     7          ?    5:sedih      +   0.005  0      0.007  0.001 *0.902  0.06   0.025
     8          ?    3:takut      +   0.397  0.001 *0.423  0.02   0.025  0.022  0.112
     9          ?    6:kaget      +   0      0      0.311  0.187  0     *0.372  0.13 
    10          ?   4:senang      +   0.008  0.007  0.087 *0.657  0.043  0.012  0.186
    11          ?    5:sedih      +   0.013  0      0.033  0.334 *0.549  0.04   0.031
    12          ?    6:kaget      +   0      0      0.089  0.001  0.004 *0.902  0.003
    13          ?    2:jijik      +   0.141 *0.151  0.126  0.137  0.146  0.15   0.148
    14          ?   4:senang      +   0      0      0.04  *0.897  0.006  0.056  0.001
    15          ?    1:marah      +  *0.962  0      0.01   0.003  0.023  0.001  0.001
    16          ?    5:sedih      +   0.019  0      0.005  0.003 *0.968  0.004  0    
    17          ?    5:sedih      +   0.013  0.012  0.016  0.059 *0.862  0.019  0.019
    18          ?    5:sedih      +   0.001  0      0.002  0.002 *0.928  0.007  0.06 
    19          ?    5:sedih      +   0.218  0.001  0.035  0.063 *0.365  0.317  0.002
    20          ?    3:takut      +   0.052  0.002 *0.543  0.308  0.061  0.03   0.004
    21          ?    3:takut      +   0.01   0.074 *0.323  0.295  0.027  0.231  0.039
    22          ?    2:jijik      +   0.09  *0.82   0.035  0.021  0.013  0.01   0.011
    23          ?    5:sedih      +   0.082  0.081  0.087  0.2   *0.343  0.104  0.103
    24          ?   7:netral      +   0      0      0.017  0.001  0.002  0.001 *0.98 
    25          ?    3:takut      +   0      0     *0.664  0.006  0.178  0.152  0    
    26          ?    6:kaget      +   0.074  0      0.021  0.007  0.165 *0.648  0.087
    27          ?    6:kaget      +   0      0      0.001  0.078  0.004 *0.892  0.025
    28          ?   7:netral      +   0.017  0.001  0.021  0.015  0.016  0.404 *0.526
    29          ?   7:netral      +   0.023  0.001  0.165  0.301  0.039  0.043 *0.428
    30          ?    3:takut      +   0.16   0.014 *0.291  0.035  0.262  0.219  0.018
    31          ?    5:sedih      +   0      0      0.003  0.063 *0.606  0.211  0.116
    32          ?   4:senang      +   0      0      0.008 *0.643  0.247  0.097  0.004
    33          ?    5:sedih      +   0.057  0.056  0.06   0.208 *0.475  0.072  0.072
    34          ?    5:sedih      +   0.001  0.001  0.149  0.373 *0.427  0.047  0.002
    35          ?   4:senang      +   0.002  0.002  0.109 *0.394  0.346  0.039  0.107
    36          ?    5:sedih      +   0.044  0.004  0.283  0.012 *0.58   0.071  0.006
    37          ?   7:netral      +   0.002  0.002  0.002  0.003  0.028  0.014 *0.949
    38          ?    6:kaget      +   0.001  0.093  0.107  0.006  0.365 *0.402  0.026
    39          ?   7:netral      +   0      0.011  0.016  0.012  0.013  0.153 *0.795
    40          ?    1:marah      +  *0.424  0.028  0.151  0.046  0.17   0.136  0.046
    41          ?    3:takut      +   0.061  0.056 *0.305  0.279  0.114  0.091  0.092
    42          ?    6:kaget      +   0.002  0.001  0.02   0.063  0.006 *0.559  0.348
    43          ?   4:senang      +   0.014  0.013  0.014 *0.428  0.038  0.222  0.272
    44          ?    3:takut      +   0.009  0.007 *0.44   0.098  0.171  0.136  0.139
    45          ?   7:netral      +   0.156  0.007  0.093  0.124  0.169  0.137 *0.315
    46          ?    5:sedih      +   0.231  0.01   0.083  0.034 *0.494  0.132  0.017
    47          ?    3:takut      +   0.152  0.002 *0.321  0.091  0.164  0.166  0.104
    48          ?   7:netral      +   0.11   0.004  0.233  0.109  0.161  0.114 *0.268
    49          ?    3:takut      +   0.003  0.021 *0.942  0.029  0.004  0.001  0.001
    50          ?   4:senang      +   0.003  0.003  0.121 *0.825  0.038  0.005  0.005
    51          ?   4:senang      +   0.057  0.057  0.243 *0.419  0.08   0.072  0.072
    52          ?    5:sedih      +   0.372  0      0.153  0.019 *0.402  0.034  0.021
    53          ?   7:netral      +   0.001  0      0.013  0      0      0.102 *0.884
    54          ?    3:takut      +   0      0.164 *0.533  0.003  0.013  0.063  0.223
    55          ?    3:takut      +   0.027  0.025 *0.674  0.041  0.152  0.04   0.041
    56          ?    5:sedih      +   0.003  0.213  0.056  0.005 *0.632  0.045  0.046
    57          ?    2:jijik      +   0.001 *0.883  0.04   0.061  0.004  0.007  0.004
    58          ?    5:sedih      +   0.22   0.02   0.021  0.024 *0.388  0.302  0.025
    59          ?    3:takut      +   0.003  0.001 *0.864  0.068  0.039  0.002  0.022
    60          ?    2:jijik      +   0.141 *0.151  0.126  0.137  0.146  0.15   0.148
    61          ?   4:senang      +   0.014  0.014  0.118 *0.322  0.077  0.228  0.228
    62          ?   4:senang      +   0.031  0.002  0.159 *0.432  0.263  0.108  0.006
    63          ?    5:sedih      +   0      0      0.037  0     *0.961  0.001  0    
    64          ?   4:senang      +   0      0      0     *0.899  0.053  0.047  0.001
    65          ?    5:sedih      +   0.006  0      0.004  0.022 *0.954  0.012  0.001
    66          ?   4:senang      +   0.009  0.008  0.078 *0.352  0.166  0.172  0.215
    67          ?   4:senang      +   0.014  0.013  0.014 *0.428  0.038  0.222  0.272