=== Predictions on test set ===

inst#,    actual, predicted, error, probability distribution
     1          ?    5:sedih      +   0.002  0.002  0.025  0.36  *0.478  0.066  0.067
     2          ?    5:sedih      +   0.019  0.003  0.001  0.011 *0.965  0.001  0.001
     3          ?    5:sedih      +   0      0      0.002  0.005 *0.992  0      0    
     4          ?    5:sedih      +   0      0      0      0.003 *0.997  0      0    
     5          ?    5:sedih      +   0.137  0.004  0.012  0.06  *0.771  0.007  0.007
     6          ?    3:takut      +   0.013  0.046 *0.753  0.124  0.005  0.058  0.001
     7          ?    1:marah      +  *0.661  0.047  0.05   0.057  0.066  0.06   0.059
     8          ?   4:senang      +   0.167  0.016  0.093 *0.525  0.061  0.127  0.011
     9          ?    2:jijik      +   0.141 *0.151  0.126  0.137  0.146  0.15   0.148
    10          ?   4:senang      +   0.076  0.007  0.25  *0.48   0.112  0.068  0.006
    11          ?    1:marah      +  *0.429  0.007  0.188  0.218  0.134  0.012  0.012
    12          ?    5:sedih      +   0.003  0      0.268  0.006 *0.593  0.108  0.022
    13          ?    3:takut      +   0      0     *0.531  0.041  0.349  0.077  0.002
    14          ?    3:takut      +   0.021  0.012 *0.761  0.014  0.068  0.117  0.006
    15          ?   4:senang      +   0.032  0      0.006 *0.654  0.151  0.154  0.003
    16          ?   4:senang      +   0.132  0.002  0.093 *0.397  0.143  0.144  0.09 
    17          ?    5:sedih      +   0      0      0      0     *1      0      0    
    18          ?    2:jijik      +   0.141 *0.151  0.126  0.137  0.146  0.15   0.148
    19          ?   4:senang      +   0.008  0.008  0.073 *0.345  0.171  0.309  0.087
    20          ?    2:jijik      +   0.141 *0.151  0.126  0.137  0.146  0.15   0.148
    21          ?    1:marah      +  *0.53   0.003  0.085  0.16   0.07   0.147  0.005
    22          ?    2:jijik      +   0.141 *0.151  0.126  0.137  0.146  0.15   0.148
    23          ?   7:netral      +   0.037  0      0.206  0.008  0.163  0.13  *0.456
    24          ?    1:marah      +  *0.541  0      0.01   0.015  0.247  0.02   0.166
    25          ?    3:takut      +   0.108  0.107 *0.229  0.132  0.151  0.137  0.136
    26          ?    5:sedih      +   0      0      0.113  0.082 *0.771  0.033  0.001
    27          ?    3:takut      +   0.006  0.274 *0.346  0.028  0.022  0.322  0.002
    28          ?   4:senang      +   0.058  0.004  0.219 *0.274  0.146  0.232  0.066
    29          ?    3:takut      +   0.088  0.087 *0.373  0.107  0.123  0.111  0.111
    30          ?    5:sedih      +   0.04   0      0.027  0.125 *0.795  0.013  0    
    31          ?    2:jijik      +   0.141 *0.151  0.126  0.137  0.146  0.15   0.148
    32          ?    1:marah      +  *0.805  0      0.016  0.008  0.167  0.003  0.002
    33          ?    5:sedih      +   0      0      0.007  0.017 *0.972  0      0.004
    34          ?    3:takut      +   0.001  0     *0.618  0.084  0.285  0.008  0.004
    35          ?    1:marah      +  *0.498  0      0.032  0.144  0.056  0.05   0.22 
    36          ?    5:sedih      +   0.001  0.001  0.001  0.217 *0.559  0.02   0.202
    37          ?    1:marah      +  *0.492  0.044  0.047  0.054  0.249  0.056  0.056
    38          ?    5:sedih      +   0.009  0.008  0.022  0.013 *0.59   0.013  0.345
    39          ?    1:marah      +  *0.368  0.002  0.272  0.007  0.218  0.089  0.044
    40          ?    1:marah      +  *0.586  0      0.006  0.115  0.284  0.005  0.005
