=== Predictions on test set ===

inst#,    actual, predicted, error, probability distribution
     1          ?    3:takut      +   0.027  0.003 *0.731  0.012  0.129  0.006  0.093
     2          ?    6:kaget      +   0.251  0.009  0.241  0.104  0.027 *0.347  0.02 
     3          ?    5:sedih      +   0      0      0.06   0.363 *0.447  0.047  0.083
     4          ?   7:netral      +   0.001  0.001  0.414  0.003  0.089  0.019 *0.474
     5          ?    5:sedih      +   0.004  0      0.489  0     *0.506  0      0.001
     6          ?    3:takut      +   0.158  0.01  *0.573  0.185  0.031  0.021  0.022
     7          ?    5:sedih      +   0      0      0.001  0     *0.999  0      0    
     8          ?    6:kaget      +   0.001  0      0.001  0.002  0.043 *0.953  0    
     9          ?   4:senang      +   0.077  0.076  0.081 *0.467  0.107  0.097  0.096
    10          ?    5:sedih      +   0.021  0.018  0.309  0.04  *0.316  0.259  0.038
    11          ?    2:jijik      +   0.141 *0.151  0.126  0.137  0.146  0.15   0.148
    12          ?    5:sedih      +   0.17   0.014  0.019  0.094 *0.404  0.276  0.023
    13          ?   4:senang      +   0.013  0.012  0.016 *0.797  0.122  0.02   0.02 
    14          ?   4:senang      +   0.022  0.001  0.046 *0.876  0.003  0.03   0.023
    15          ?    3:takut      +   0.024  0.022 *0.591  0.072  0.221  0.035  0.036
    16          ?    3:takut      +   0.074  0.073 *0.471  0.09   0.103  0.094  0.093
    17          ?    5:sedih      +   0.122  0.121  0.129  0.149 *0.17   0.154  0.154
    18          ?    1:marah      +  *0.924  0.003  0.051  0.005  0.006  0.005  0.005
    19          ?    6:kaget      +   0.034  0.034  0.145  0.167  0.143 *0.433  0.043
    20          ?    3:takut      +   0.029  0.002 *0.875  0.004  0.083  0.004  0.004
    21          ?    6:kaget      +   0.018  0.001  0.218  0.066  0.295 *0.344  0.058
    22          ?    2:jijik      +   0.141 *0.151  0.126  0.137  0.146  0.15   0.148
    23          ?    2:jijik      +   0.141 *0.151  0.126  0.137  0.146  0.15   0.148
    24          ?   4:senang      +   0.008  0.008  0.073 *0.345  0.171  0.309  0.087
    25          ?    1:marah      +  *0.933  0      0.056  0.001  0.005  0.004  0    
    26          ?    6:kaget      +   0.144  0.001  0.2    0.019  0.177 *0.456  0.002