=== Predictions on test set ===

inst#,    actual, predicted, error, probability distribution
     1          ?    1:marah      +  *0.538  0      0.164  0.217  0.065  0.001  0.015
     2          ?   4:senang      +   0.009  0.008  0.084 *0.722  0.143  0.017  0.017
     3          ?   7:netral      +   0.048  0.149  0.03   0.023  0.039  0.04  *0.671
     4          ?    5:sedih      +   0.105  0      0.031  0.229 *0.412  0.204  0.02 
     5          ?    6:kaget      +   0.09   0      0.034  0.005  0.101 *0.768  0.002
     6          ?   4:senang      +   0.173  0      0.066 *0.445  0.074  0.085  0.156
     7          ?    6:kaget      +   0.111  0.002  0.02   0.028  0.078 *0.733  0.028
     8          ?    3:takut      +   0.097  0.096 *0.308  0.118  0.135  0.123  0.122
     9          ?   4:senang      +   0.008  0      0.008 *0.756  0.18   0.044  0.003
    10          ?   4:senang      +   0.263  0.018  0.101 *0.339  0.038  0.211  0.031
    11          ?   4:senang      +   0.001  0      0.006 *0.865  0.023  0.097  0.007
    12          ?   4:senang      +   0.031  0      0.002 *0.55   0.372  0.003  0.042
    13          ?    1:marah      +  *0.866  0      0.021  0.023  0.081  0.004  0.005
    14          ?    6:kaget      +   0.002  0.001  0.217  0.191  0.109 *0.476  0.004
    15          ?    5:sedih      +   0.237  0      0.001  0.017 *0.745  0      0    
    16          ?   4:senang      +   0.003  0.002  0.006 *0.947  0.034  0.004  0.004
    17          ?    5:sedih      +   0.219  0.01   0.234  0.143 *0.254  0.125  0.016
    18          ?   4:senang      +   0.052  0.048  0.066 *0.48   0.196  0.078  0.079
    19          ?   4:senang      +   0.003  0.003  0.157 *0.559  0.034  0.126  0.117
    20          ?   4:senang      +   0.002  0      0.002 *0.864  0.131  0      0    
    21          ?    2:jijik      +   0.141 *0.151  0.126  0.137  0.146  0.15   0.148
    22          ?    2:jijik      +   0.141 *0.151  0.126  0.137  0.146  0.15   0.148
    23          ?    6:kaget      +   0      0      0      0.006  0.008 *0.985  0.001
    24          ?   4:senang      +   0.027  0.024  0.033 *0.687  0.149  0.04   0.04 
    25          ?    5:sedih      +   0.013  0.011  0.172  0.153 *0.352  0.281  0.019
    26          ?    6:kaget      +   0.004  0.004  0.06   0.007  0.041 *0.878  0.007
    27          ?   4:senang      +   0.051  0.051  0.054 *0.5    0.214  0.065  0.065
    28          ?    5:sedih      +   0.133  0.006  0.026  0.182 *0.631  0.01   0.011
    29          ?   4:senang      +   0.006  0.005  0.101 *0.476  0.235  0.165  0.011
    30          ?   4:senang      +   0.005  0.005  0.008 *0.711  0.08   0.094  0.097
    31          ?    3:takut      +   0.051  0     *0.639  0.036  0.103  0.169  0.002
    32          ?   4:senang      +   0      0      0.084 *0.566  0.291  0.059  0    
    33          ?   4:senang      +   0.107  0.105  0.113 *0.259  0.148  0.134  0.134
    34          ?   7:netral      +   0.133  0.003  0.09   0.165  0.17   0.164 *0.277
    35          ?    2:jijik      +   0.141 *0.151  0.126  0.137  0.146  0.15   0.148
    36          ?   4:senang      +   0.044  0.044  0.093 *0.646  0.062  0.056  0.056
    37          ?    2:jijik      +   0.141 *0.151  0.126  0.137  0.146  0.15   0.148
    38          ?    5:sedih      +   0.132  0.006  0.087  0.18  *0.312  0.187  0.095
    39          ?    2:jijik      +   0.141 *0.151  0.126  0.137  0.146  0.15   0.148