=== Predictions on test set ===

inst#,    actual, predicted, error, probability distribution
     1          ?   7:netral      +   0.036  0.027  0.124  0.078  0.043  0.199 *0.493
     2          ?    6:kaget      +   0.112  0.085  0.109  0.098  0.122 *0.36   0.113
     3          ?   4:senang      +   0.042  0.031  0.075 *0.295  0.096  0.275  0.184
     4          ?    1:marah      +  *0.414  0.021  0.077  0.103  0.123  0.03   0.231
     5          ?   7:netral      +   0.259  0.012  0.106  0.074  0.175  0.089 *0.285
     6          ?   4:senang      +   0.073  0.055  0.068 *0.409  0.081  0.236  0.077
     7          ?    1:marah      +  *0.257  0.003  0.142  0.049  0.173  0.248  0.128
     8          ?   4:senang      +   0.006  0.033  0.041 *0.536  0.042  0.261  0.081
     9          ?    6:kaget      +   0.002  0.001  0.02   0.004  0.29  *0.68   0.004
    10          ?    5:sedih      +   0.311  0.047  0.121  0.054 *0.338  0.066  0.063
    11          ?    6:kaget      +   0.066  0.003  0.094  0.06   0.02  *0.742  0.015
    12          ?    3:takut      +   0.055  0.041 *0.392  0.329  0.063  0.06   0.06 
    13          ?    3:takut      +   0.074  0.014 *0.286  0.159  0.218  0.081  0.168
    14          ?   7:netral      +   0.02   0.002  0.032  0.136  0.008  0.055 *0.746
    15          ?    6:kaget      +   0.083  0.007  0.063  0.218  0.197 *0.233  0.198
    16          ?    3:takut      +   0.17   0.042 *0.303  0.113  0.065  0.061  0.246
    17          ?    3:takut      +   0.24   0.002 *0.499  0.008  0.084  0.147  0.018
    18          ?    6:kaget      +   0.1    0.076  0.097  0.087  0.109 *0.429  0.101
    19          ?    1:marah      +  *0.433  0      0.071  0.014  0.107  0.322  0.054
    20          ?    3:takut      +   0.09   0.017 *0.481  0.09   0.103  0.024  0.196
    21          ?   7:netral      +   0.002  0.002  0.125  0.067  0.001  0.011 *0.792
    22          ?    5:sedih      +   0.087  0.005  0.189  0.231 *0.416  0.064  0.008
    23          ?    3:takut      +   0.215  0.005 *0.476  0.081  0.096  0.083  0.043
    24          ?   7:netral      +   0.007  0      0.349  0.005  0.021  0.189 *0.429
    25          ?    6:kaget      +   0.034  0.001  0.152  0.033  0.063 *0.597  0.119
    26          ?   7:netral      +   0.023  0.008  0.298  0.028  0.043  0.292 *0.307
    27          ?    3:takut      +   0.046  0     *0.371  0.107  0.277  0.179  0.02 
    28          ?    2:jijik      +   0.108 *0.332  0.17   0.199  0.067  0.091  0.033
    29          ?    6:kaget      +   0.083  0.113  0.175  0.013  0.038 *0.322  0.257
    30          ?    6:kaget      +   0.168  0.001  0.034  0.015  0.095 *0.659  0.029
    31          ?    3:takut      +   0.101  0.019 *0.431  0.108  0.029  0.028  0.285
    32          ?    6:kaget      +   0.235  0.005  0.068  0.083  0.205 *0.36   0.045
    33          ?    6:kaget      +   0.246  0.002  0.065  0.033  0.075 *0.511  0.068
    34          ?    6:kaget      +   0.023  0.013  0.175  0.308  0.034 *0.311  0.136
    35          ?    3:takut      +   0.027  0.02  *0.386  0.067  0.067  0.365  0.067
    36          ?    3:takut      +   0.09   0     *0.391  0.054  0.045  0.197  0.222
    37          ?    3:takut      +   0.091  0.171 *0.339  0.085  0.135  0.131  0.048
    38          ?   7:netral      +   0.026  0.005  0.03   0.031  0.016  0.142 *0.75 
    39          ?    5:sedih      +   0.018  0.013  0.106  0.184 *0.531  0.059  0.089
    40          ?    5:sedih      +   0.119  0.044  0.132  0.045 *0.427  0.138  0.095
    41          ?    5:sedih      +   0.148  0.112  0.144  0.129 *0.161  0.158  0.149
    42          ?    5:sedih      +   0.148  0.112  0.144  0.129 *0.161  0.158  0.149
    43          ?    6:kaget      +   0.037  0.025  0.043  0.05   0.09  *0.731  0.025
    44          ?   4:senang      +   0.059  0.045  0.055 *0.333  0.066  0.192  0.249
    45          ?    3:takut      +   0.061  0.023 *0.488  0.061  0.069  0.033  0.265
    46          ?    3:takut      +   0.045  0.017 *0.323  0.316  0.077  0.197  0.025
    47          ?   7:netral      +   0.166  0.012  0.108  0.124  0.185  0.125 *0.278