=== Predictions on test set ===

inst#,    actual, predicted, error, probability distribution
     1          ?    3:takut      +   0.02   0.015 *0.38   0.296  0.099  0.067  0.123
     2          ?    6:kaget      +   0.012  0.001  0.012  0.003  0.192 *0.444  0.336
     3          ?    5:sedih      +   0.03   0.022  0.165  0.166 *0.395  0.191  0.031
     4          ?    2:jijik      +   0.035 *0.444  0.063  0.035  0.08   0.191  0.153
     5          ?   7:netral      +   0.127  0.001  0.052  0.124  0.026  0.008 *0.662
     6          ?   4:senang      +   0.03   0.022  0.028 *0.386  0.099  0.064  0.372
     7          ?    5:sedih      +   0.242  0.008  0.027  0.025 *0.527  0.145  0.026
     8          ?    3:takut      +   0.256  0.016 *0.343  0.171  0.098  0.023  0.093
     9          ?    1:marah      +  *0.265  0.012  0.167  0.041  0.221  0.2    0.094
    10          ?    5:sedih      +   0.149  0.115  0.152  0.122 *0.159  0.159  0.145
    11          ?    1:marah      +  *0.311  0.079  0.101  0.181  0.113  0.111  0.104
    12          ?    1:marah      +  *0.265  0.012  0.167  0.041  0.221  0.2    0.094
    13          ?    5:sedih      +   0.056  0.002  0.097  0.177 *0.39   0.257  0.021
    14          ?    6:kaget      +   0.15   0.007  0.27   0.049  0.127 *0.341  0.055
    15          ?   7:netral      +   0.072  0.007  0.092  0.019  0.105  0.197 *0.508
    16          ?   4:senang      +   0.06   0.004  0.051 *0.599  0.088  0.175  0.023
    17          ?    1:marah      +  *0.499  0.008  0.107  0.044  0.061  0.046  0.235
    18          ?    1:marah      +  *0.265  0.012  0.167  0.041  0.221  0.2    0.094
    19          ?    5:sedih      +   0.129  0.001  0.246  0.01  *0.473  0.12   0.021
    20          ?    1:marah      +  *0.265  0.012  0.167  0.041  0.221  0.2    0.094
    21          ?   7:netral      +   0.117  0.009  0.048  0.009  0.1    0.178 *0.539
    22          ?    5:sedih      +   0.055  0.002  0.037  0.092 *0.725  0.042  0.047
    23          ?   4:senang      +   0.092  0.023  0.079 *0.459  0.108  0.101  0.139
    24          ?    5:sedih      +   0.126  0.001  0.007  0.007 *0.631  0.214  0.014
    25          ?    3:takut      +   0.057  0.002 *0.486  0.023  0.315  0.045  0.071
    26          ?    6:kaget      +   0.078  0.006  0.109  0.096  0.021 *0.435  0.255
    27          ?    5:sedih      +   0.086  0.032  0.076  0.085 *0.488  0.186  0.047
    28          ?    5:sedih      +   0.045  0      0.068  0.039 *0.633  0.176  0.039
    29          ?    6:kaget      +   0.044  0.032  0.078  0.174  0.15  *0.474  0.048
    30          ?    5:sedih      +   0.059  0.045  0.114  0.102 *0.255  0.188  0.236
    31          ?    3:takut      +   0.273  0.004 *0.29   0.074  0.251  0.071  0.038