=== Predictions on test set ===

inst#,    actual, predicted, error, probability distribution
     1          ?    5:sedih      +   0.124  0.047  0.232  0.058 *0.277  0.067  0.195
     2          ?    1:marah      +  *0.407  0.05   0.182  0.136  0.078  0.074  0.074
     3          ?    5:sedih      +   0.041  0      0.212  0.066 *0.443  0.098  0.14 
     4          ?    3:takut      +   0.024  0.018 *0.513  0.024  0.082  0.104  0.235
     5          ?    3:takut      +   0.149  0.002 *0.651  0.009  0.143  0.029  0.017
     6          ?    3:takut      +   0.139  0.052 *0.371  0.208  0.079  0.075  0.076
     7          ?    5:sedih      +   0.005  0.001  0.011  0.003 *0.908  0.07   0.001
     8          ?    6:kaget      +   0.165  0.001  0.279  0.006  0.155 *0.324  0.071
     9          ?    6:kaget      +   0.084  0.064  0.245  0.073  0.091 *0.359  0.084
    10          ?    5:sedih      +   0.009  0      0.001  0.004 *0.909  0.076  0.001
    11          ?    5:sedih      +   0.148  0.112  0.144  0.129 *0.161  0.158  0.149
    12          ?    6:kaget      +   0.092  0.068  0.245  0.092  0.105 *0.299  0.1  
    13          ?    5:sedih      +   0.149  0.115  0.152  0.122 *0.159  0.159  0.145
    14          ?    5:sedih      +   0.209  0.052  0.065  0.065 *0.311  0.225  0.073
    15          ?    5:sedih      +   0.112  0.084  0.105  0.21  *0.25   0.121  0.118
    16          ?   4:senang      +   0.13   0.024  0.116 *0.518  0.037  0.07   0.106
    17          ?    3:takut      +   0.128  0.097 *0.239  0.12   0.143  0.138  0.134
    18          ?    3:takut      +   0.129  0.098 *0.251  0.113  0.14   0.138  0.13 
    19          ?    5:sedih      +   0.148  0.112  0.144  0.129 *0.161  0.158  0.149
    20          ?    1:marah      +  *0.363  0.046  0.338  0.057  0.067  0.065  0.063
    21          ?    6:kaget      +   0.084  0.064  0.245  0.073  0.091 *0.359  0.084
    22          ?    3:takut      +   0.064  0.024 *0.773  0.032  0.037  0.035  0.035
    23          ?    6:kaget      +   0.038  0.035  0.167  0.044  0.244 *0.337  0.135
    24          ?    5:sedih      +   0.149  0.115  0.152  0.122 *0.159  0.159  0.145
    25          ?    5:sedih      +   0.149  0.115  0.152  0.122 *0.159  0.159  0.145
    26          ?    6:kaget      +   0.052  0.04   0.153  0.137  0.228 *0.337  0.053
    27          ?    1:marah      +  *0.592  0.022  0.158  0.03   0.101  0.064  0.032
    28          ?    6:kaget      +   0.137  0.017  0.098  0.024  0.322 *0.376  0.026
    29          ?    3:takut      +   0.166  0.042 *0.269  0.048  0.241  0.178  0.056