=== Predictions on test set ===

inst#,    actual, predicted, error, probability distribution
     1          ?    3:takut      +   0.026  0.018 *0.348  0.202  0.065  0.144  0.196
     2          ?   7:netral      +   0.016  0.197  0.054  0.034  0.221  0.052 *0.427
     3          ?   7:netral      +   0.238  0.045  0.221  0.055  0.066  0.064 *0.311
     4          ?   7:netral      +   0.092  0.07   0.172  0.173  0.103  0.1   *0.29 
     5          ?    2:jijik      +   0.061 *0.377  0.075  0.348  0.037  0.067  0.036
     6          ?    2:jijik      +   0.038 *0.485  0.283  0.071  0.042  0.041  0.04 
     7          ?    3:takut      +   0.141  0.052 *0.503  0.07   0.08   0.077  0.077
     8          ?    3:takut      +   0.074  0.011 *0.385  0.269  0.212  0.032  0.017
     9          ?    3:takut      +   0.027  0.001 *0.556  0.049  0.065  0.125  0.177
    10          ?    3:takut      +   0.068  0.052 *0.383  0.128  0.076  0.221  0.072
    11          ?    3:takut      +   0.021  0.015 *0.43   0.045  0.049  0.344  0.095
    12          ?    2:jijik      +   0.031 *0.392  0.268  0.134  0.037  0.103  0.035
    13          ?    6:kaget      +   0.054  0.002  0.344  0.022  0.05  *0.506  0.022
    14          ?    5:sedih      +   0.342  0.008  0.122  0.023 *0.468  0.025  0.012
    15          ?    1:marah      +  *0.222  0.167  0.134  0.037  0.189  0.169  0.082
    16          ?    3:takut      +   0.009  0     *0.814  0.024  0.034  0.104  0.016
    17          ?    3:takut      +   0.028  0.01  *0.657  0.059  0.054  0.167  0.025
    18          ?    5:sedih      +   0.055  0.014  0.032  0.158 *0.346  0.061  0.335