=== Predictions on test set ===

inst#,    actual, predicted, error, probability distribution
     1          ?    6:kaget      +   0.111  0.083  0.103  0.104  0.124 *0.359  0.116
     2          ?    3:takut      +   0.13   0.019 *0.532  0.055  0.121  0.114  0.029
     3          ?    5:sedih      +   0.156  0.019  0.3    0.076 *0.329  0.103  0.016
     4          ?    6:kaget      +   0.077  0.143  0.092  0.077  0.235 *0.335  0.042
     5          ?    1:marah      +  *0.376  0.024  0.029  0.029  0.14   0.304  0.098
     6          ?   4:senang      +   0.022  0.016  0.061 *0.429  0.097  0.283  0.092
     7          ?    5:sedih      +   0.047  0.012  0.04   0.017 *0.66   0.154  0.071
     8          ?    1:marah      +  *0.346  0.022  0.242  0.054  0.064  0.031  0.241
     9          ?   7:netral      +   0      0      0.226  0.021  0.001  0.052 *0.7  
    10          ?   4:senang      +   0.06   0.045  0.168 *0.338  0.134  0.065  0.189
    11          ?    5:sedih      +   0.106  0      0.079  0.195 *0.5    0.067  0.053
    12          ?    6:kaget      +   0.013  0.009  0.059  0.015  0.031 *0.842  0.031
    13          ?    5:sedih      +   0.149  0.115  0.152  0.122 *0.159  0.159  0.145
    14          ?    6:kaget      +   0.012  0.009  0.128  0.286  0.164 *0.389  0.013
    15          ?    1:marah      +  *0.869  0.001  0.058  0.005  0.033  0.009  0.025
    16          ?    5:sedih      +   0.074  0.009  0.022  0.049 *0.791  0.04   0.013
    17          ?    5:sedih      +   0.09   0.068  0.084  0.168 *0.4    0.097  0.094
    18          ?    5:sedih      +   0.029  0.003  0.034  0.026 *0.704  0.096  0.109
    19          ?    5:sedih      +   0.157  0.02   0.146  0.098 *0.438  0.113  0.027
    20          ?    3:takut      +   0.085  0.021 *0.633  0.106  0.095  0.031  0.03 
    21          ?    3:takut      +   0.065  0.272 *0.298  0.093  0.102  0.071  0.098
    22          ?    2:jijik      +   0.092 *0.588  0.128  0.043  0.051  0.05   0.048
    23          ?    5:sedih      +   0.148  0.112  0.144  0.129 *0.161  0.158  0.149
    24          ?   7:netral      +   0.019  0.002  0.212  0.038  0.017  0.007 *0.704
    25          ?    6:kaget      +   0.001  0.002  0.07   0.006  0.174 *0.745  0.003
    26          ?    6:kaget      +   0.262  0.002  0.058  0.01   0.141 *0.486  0.042
    27          ?    6:kaget      +   0.002  0.001  0.009  0.041  0.014 *0.925  0.009
    28          ?    6:kaget      +   0.123  0.023  0.105  0.066  0.072 *0.404  0.208
    29          ?   7:netral      +   0.083  0.015  0.074  0.165  0.213  0.112 *0.338
    30          ?    3:takut      +   0.166  0.042 *0.269  0.048  0.241  0.178  0.056
    31          ?    6:kaget      +   0.007  0.003  0.067  0.026  0.035 *0.708  0.156
    32          ?    6:kaget      +   0.015  0.011  0.101  0.212  0.074 *0.512  0.073
    33          ?    5:sedih      +   0.115  0.087  0.111  0.2   *0.249  0.123  0.115
    34          ?    5:sedih      +   0.03   0.022  0.106  0.238 *0.409  0.162  0.032
    35          ?   4:senang      +   0.041  0.03   0.036 *0.487  0.185  0.044  0.177
    36          ?    3:takut      +   0.166  0.042 *0.258  0.052  0.247  0.179  0.058
    37          ?   7:netral      +   0.054  0.041  0.05   0.05   0.18   0.174 *0.451
    38          ?    6:kaget      +   0.025  0.278  0.108  0.027  0.118 *0.331  0.114
    39          ?   7:netral      +   0.016  0.179  0.054  0.132  0.02   0.29  *0.309
    40          ?    1:marah      +  *0.276  0.069  0.171  0.086  0.103  0.198  0.096
    41          ?    5:sedih      +   0.146  0.11   0.136  0.136 *0.163  0.157  0.153
    42          ?    6:kaget      +   0.032  0.024  0.089  0.208  0.036 *0.344  0.267
    43          ?   4:senang      +   0.062  0.047  0.06  *0.379  0.068  0.133  0.25 
    44          ?    3:takut      +   0.078  0.058 *0.278  0.155  0.178  0.084  0.169
    45          ?   7:netral      +   0.207  0.026  0.101  0.091  0.15   0.111 *0.313
    46          ?    1:marah      +  *0.331  0.05   0.123  0.062  0.222  0.143  0.069
    47          ?    1:marah      +  *0.264  0.012  0.159  0.043  0.225  0.201  0.097
    48          ?   7:netral      +   0.204  0.026  0.095  0.095  0.151  0.11  *0.32 
    49          ?    3:takut      +   0.024  0.132 *0.738  0.051  0.028  0.013  0.014
    50          ?   4:senang      +   0.048  0.036  0.354 *0.355  0.106  0.051  0.05 
    51          ?   4:senang      +   0.131  0.1    0.127 *0.228  0.142  0.14   0.132
    52          ?    1:marah      +  *0.423  0.004  0.102  0.014  0.361  0.064  0.031
    53          ?   7:netral      +   0.04   0.001  0.047  0.006  0.008  0.166 *0.731
    54          ?    2:jijik      +   0.006 *0.478  0.153  0.02   0.014  0.206  0.124
    55          ?    5:sedih      +   0.112  0.084  0.209  0.105 *0.25   0.121  0.118
    56          ?    2:jijik      +   0.04  *0.446  0.036  0.04   0.091  0.174  0.174
    57          ?    2:jijik      +   0.009 *0.805  0.059  0.055  0.02   0.038  0.015
    58          ?    5:sedih      +   0.212  0.054  0.069  0.062 *0.307  0.226  0.071
    59          ?    3:takut      +   0.033  0.059 *0.69   0.081  0.027  0.049  0.061
    60          ?    5:sedih      +   0.149  0.115  0.152  0.122 *0.159  0.159  0.145
    61          ?    6:kaget      +   0.053  0.041  0.208  0.14   0.058 *0.286  0.215
    62          ?   4:senang      +   0.083  0.03   0.171 *0.286  0.15   0.23   0.049
    63          ?    3:takut      +   0.196  0.001 *0.41   0.09   0.152  0.046  0.105
    64          ?    6:kaget      +   0.008  0.014  0.025  0.203  0.31  *0.421  0.019
    65          ?    5:sedih      +   0.124  0.031  0.037  0.249 *0.379  0.135  0.045
    66          ?   4:senang      +   0.046  0.034  0.128 *0.299  0.204  0.099  0.191
    67          ?   4:senang      +   0.062  0.047  0.06  *0.379  0.068  0.133  0.25 