=== Predictions on test set ===

inst#,    actual, predicted, error, probability distribution
     1          ?   7:netral      +   0      0.001  0.001  0      0      0     *0.998
     2          ?   7:netral      +   0      0      0      0      0      0     *0.999
     3          ?   7:netral      +   0.005  0.001  0.383  0.014  0.007  0.024 *0.566
     4          ?   7:netral      +   0.023  0.017  0.019  0.026  0.027  0.025 *0.863
     5          ?   7:netral      +   0.028  0.003  0.077  0.014  0.05   0.005 *0.822
     6          ?   7:netral      +   0.002  0      0.25   0.002  0.001  0.013 *0.732
     7          ?    5:sedih      +   0.041  0.003  0.171  0.053 *0.446  0.099  0.188
     8          ?   4:senang      +   0.014  0.005  0.011 *0.877  0.025  0.06   0.008
     9          ?    6:kaget      +   0.15   0.056  0.067  0.15   0.171 *0.325  0.082
    10          ?   7:netral      +   0.004  0.001  0.11   0.005  0.01   0.005 *0.865
    11          ?    5:sedih      +   0.009  0.006  0.021  0.05  *0.504  0.348  0.062
    12          ?   4:senang      +   0.094  0.035  0.337 *0.377  0.054  0.051  0.051
    13          ?    5:sedih      +   0.148  0.112  0.144  0.129 *0.161  0.158  0.149
    14          ?   7:netral      +   0.069  0      0.004  0.01   0.015  0.005 *0.897
    15          ?    3:takut      +   0.007  0.003 *0.881  0.034  0.036  0.004  0.035
    16          ?    5:sedih      +   0.062  0.022  0.227  0.07  *0.295  0.034  0.29 
    17          ?    3:takut      +   0.087  0     *0.479  0.057  0.024  0.011  0.341
    18          ?    3:takut      +   0.198  0.001 *0.596  0.051  0.021  0.049  0.084
    19          ?    3:takut      +   0.001  0.001 *0.969  0.003  0.013  0.002  0.011
    20          ?    3:takut      +   0      0     *0.999  0      0      0      0.001
    21          ?    6:kaget      +   0.007  0.018  0.003  0.011  0.004 *0.956  0.002
    22          ?    2:jijik      +   0.043 *0.559  0.084  0.038  0.047  0.185  0.044
    23          ?   7:netral      +   0.178  0      0.118  0.017  0.292  0.028 *0.366
    24          ?   7:netral      +   0.005  0.004  0.337  0.012  0.026  0.096 *0.52 
    25          ?    6:kaget      +   0.049  0.037  0.047  0.042  0.211 *0.467  0.147
    26          ?    6:kaget      +   0.019  0.014  0.017  0.017  0.332 *0.542  0.058
    27          ?   7:netral      +   0.067  0.025  0.086  0.216  0.079  0.221 *0.305
    28          ?    2:jijik      +   0     *1      0      0      0      0      0    
    29          ?    2:jijik      +   0.203 *0.47   0.164  0.004  0.143  0.013  0.004
    30          ?    2:jijik      +   0     *1      0      0      0      0      0    
    31          ?    3:takut      +   0.094  0.071 *0.456  0.082  0.102  0.1    0.094
    32          ?    5:sedih      +   0.083  0.064  0.244  0.073 *0.363  0.089  0.084
    33          ?    6:kaget      +   0      0      0      0      0     *0.996  0.003
    34          ?    5:sedih      +   0.146  0.11   0.136  0.136 *0.163  0.157  0.153
    35          ?   7:netral      +   0.006  0.004  0.312  0.006  0.007  0.125 *0.541
    36          ?    6:kaget      +   0.095  0      0.02   0.033  0.152 *0.497  0.202
