=== Predictions on test set ===

inst#,    actual, predicted, error, probability distribution
     1          ?   7:netral      +   0.015  0.001  0.058  0.012  0.071  0.035 *0.807
     2          ?   7:netral      +   0.021  0.016  0.152  0.021  0.024  0.116 *0.649
     3          ?    3:takut      +   0.042  0.032 *0.326  0.037  0.046  0.224  0.295
     4          ?    3:takut      +   0.013  0.001 *0.958  0.007  0.005  0.008  0.007
     5          ?    5:sedih      +   0.075  0.203  0.222  0.046 *0.278  0.084  0.092
     6          ?    1:marah      +  *0.392  0.058  0.201  0.084  0.092  0.086  0.089
     7          ?    3:takut      +   0.067  0.005 *0.629  0.054  0.077  0.051  0.117
     8          ?    3:takut      +   0.001  0     *0.971  0.002  0.02   0.002  0.004
     9          ?    3:takut      +   0      0     *0.955  0      0      0.016  0.028
    10          ?    3:takut      +   0.001  0.023 *0.705  0.003  0.002  0.252  0.014
    11          ?    5:sedih      +   0.149  0.115  0.152  0.122 *0.159  0.159  0.145
    12          ?    3:takut      +   0.103  0.331 *0.434  0.048  0.029  0.028  0.027
    13          ?    5:sedih      +   0.149  0.115  0.152  0.122 *0.159  0.159  0.145
    14          ?    3:takut      +   0.087  0.065 *0.485  0.081  0.097  0.094  0.091
    15          ?    3:takut      +   0      0     *0.979  0      0      0.02   0    
    16          ?    3:takut      +   0.028  0.026 *0.877  0.005  0.006  0.039  0.019
    17          ?    3:takut      +   0.025  0.078 *0.796  0.012  0.007  0.034  0.047
    18          ?    3:takut      +   0.191  0.024 *0.512  0.064  0.036  0.035  0.139
    19          ?    3:takut      +   0.245  0.03  *0.548  0.041  0.047  0.044  0.045
    20          ?    5:sedih      +   0.148  0.112  0.144  0.129 *0.161  0.158  0.149
    21          ?    3:takut      +   0.013  0.009 *0.813  0.013  0.029  0.041  0.083
    22          ?    3:takut      +   0.002  0.005 *0.848  0.035  0.031  0.066  0.014
    23          ?    3:takut      +   0.005  0.001 *0.977  0.002  0.012  0.003  0.001
    24          ?    1:marah      +  *0.334  0.051  0.13   0.058  0.218  0.143  0.067
    25          ?    3:takut      +   0.002  0.002 *0.936  0.005  0.003  0.032  0.019
    26          ?    3:takut      +   0.025  0.005 *0.805  0.006  0.057  0.061  0.041
    27          ?    3:takut      +   0.002  0.012 *0.902  0.014  0.005  0.039  0.026
    28          ?    1:marah      +  *0.334  0.051  0.13   0.058  0.218  0.143  0.067
    29          ?    3:takut      +   0.002  0.001 *0.971  0.002  0.004  0.006  0.013
    30          ?    1:marah      +  *0.379  0.007  0.124  0.087  0.034  0.335  0.033
    31          ?    3:takut      +   0.085  0.064 *0.329  0.074  0.092  0.271  0.085
    32          ?    3:takut      +   0.101  0.037 *0.346  0.054  0.237  0.166  0.057
    33          ?    5:sedih      +   0.149  0.115  0.152  0.122 *0.159  0.159  0.145
    34          ?    6:kaget      +   0.019  0.014  0.101  0.019  0.043 *0.556  0.247
    35          ?    6:kaget      +   0.112  0.085  0.109  0.098  0.122 *0.36   0.113
    36          ?    3:takut      +   0      0     *0.999  0      0      0      0    
    37          ?    3:takut      +   0      0     *0.96   0.009  0.002  0.022  0.006
    38          ?    3:takut      +   0.002  0.001 *0.869  0.002  0.004  0.03   0.091
    39          ?    3:takut      +   0      0     *0.993  0      0.002  0.005  0    
    40          ?    6:kaget      +   0.002  0.002  0.275  0      0.001 *0.718  0.001
    41          ?    3:takut      +   0.003  0.019 *0.895  0.023  0.008  0.045  0.006
    42          ?    3:takut      +   0.031  0.001 *0.937  0.009  0.007  0.013  0.002
    43          ?   4:senang      +   0.133  0.01   0.087 *0.298  0.148  0.1    0.223
    44          ?    6:kaget      +   0.039  0.007  0.034  0.011  0.023 *0.875  0.011
    45          ?    3:takut      +   0.009  0.001 *0.49   0.009  0.011  0.261  0.218
    46          ?    6:kaget      +   0.026  0      0.023  0.078  0.046 *0.802  0.024
    47          ?    3:takut      +   0.005  0.085 *0.769  0.002  0.001  0.136  0.001
    48          ?    1:marah      +  *0.464  0.071  0.09   0.081  0.101  0.099  0.094
    49          ?    1:marah      +  *0.937  0.001  0.018  0.008  0.011  0.007  0.018
    50          ?    6:kaget      +   0      0.007  0.063  0.001  0     *0.925  0.004
    51          ?    6:kaget      +   0.035  0.013  0.033  0.231  0.059 *0.61   0.019
