=== Predictions on test set ===

inst#,    actual, predicted, error, probability distribution
     1          ?    3:takut      +   0.004  0.003 *0.96   0.005  0.01   0.013  0.005
     2          ?    5:sedih      +   0      0      0      0.001 *0.991  0.007  0.001
     3          ?   4:senang      +   0.038  0.028  0.094 *0.526  0.092  0.042  0.18 
     4          ?    5:sedih      +   0.014  0      0.003  0.197 *0.446  0.038  0.302
     5          ?    1:marah      +  *0.227  0.086  0.106  0.212  0.127  0.123  0.119
     6          ?    6:kaget      +   0.044  0.033  0.118  0.265  0.202 *0.289  0.048
     7          ?   4:senang      +   0.128  0.009  0.033 *0.492  0.239  0.084  0.014
     8          ?   4:senang      +   0.037  0.027  0.091 *0.38   0.177  0.245  0.043
     9          ?   4:senang      +   0.054  0.02   0.05  *0.527  0.09   0.232  0.028
    10          ?    5:sedih      +   0.016  0.002  0.073  0.394 *0.487  0.024  0.003
    11          ?    5:sedih      +   0.03   0.022  0.234  0.195 *0.285  0.2    0.034
    12          ?   4:senang      +   0.115  0.003  0.02  *0.687  0.107  0.034  0.035
    13          ?    1:marah      +  *0.949  0.001  0.006  0.017  0.017  0.001  0.009
    14          ?   7:netral      +   0.011  0.001  0.027  0.004  0.02   0.012 *0.926
    15          ?    1:marah      +  *0.354  0.001  0.064  0.03   0.332  0.027  0.192
    16          ?   4:senang      +   0.01   0.108  0.008 *0.391  0.012  0.178  0.293
    17          ?   4:senang      +   0.048  0      0.007 *0.654  0.23   0.006  0.054
    18          ?   4:senang      +   0.056  0.041  0.05  *0.668  0.064  0.061  0.061
    19          ?   4:senang      +   0.018  0.004  0.005 *0.815  0.112  0.026  0.02 
    20          ?   7:netral      +   0.045  0.002  0.068  0.025  0.058  0.036 *0.765
    21          ?   4:senang      +   0.01   0.002  0.015 *0.619  0.142  0.047  0.164
    22          ?   4:senang      +   0.001  0.001  0.001 *0.986  0.004  0.004  0.003
    23          ?   4:senang      +   0.005  0.004  0.004 *0.928  0.022  0.021  0.016
    24          ?   7:netral      +   0.163  0.012  0.102  0.13   0.186  0.124 *0.284
    25          ?    6:kaget      +   0.007  0.005  0.055  0.164  0.031 *0.715  0.022
    26          ?    5:sedih      +   0.017  0.01   0.12   0.144 *0.335  0.324  0.049
    27          ?    6:kaget      +   0.052  0.04   0.153  0.137  0.228 *0.337  0.053
    28          ?   4:senang      +   0.009  0.001  0.021 *0.818  0.045  0.036  0.07 
    29          ?    6:kaget      +   0.051  0.038  0.137  0.153  0.233 *0.333  0.056
    30          ?    5:sedih      +   0.016  0.004  0.004  0.089 *0.876  0.006  0.006
    31          ?   4:senang      +   0.003  0      0.001 *0.992  0      0.001  0.002
    32          ?    5:sedih      +   0.149  0.115  0.152  0.122 *0.159  0.159  0.145
    33          ?    6:kaget      +   0.052  0.04   0.153  0.137  0.228 *0.337  0.053
    34          ?   4:senang      +   0.042  0.003  0.026 *0.535  0.048  0.127  0.219
    35          ?   4:senang      +   0.117  0.089  0.114 *0.307  0.128  0.126  0.118
    36          ?   4:senang      +   0      0      0     *0.997  0.001  0.001  0.001
    37          ?   4:senang      +   0.039  0.007  0.009 *0.618  0.033  0.168  0.126
    38          ?   4:senang      +   0.033  0.012  0.024 *0.551  0.021  0.296  0.065
    39          ?   4:senang      +   0.015  0.005  0.018 *0.412  0.324  0.199  0.026
    40          ?    6:kaget      +   0.016  0.012  0.043  0.385  0.073 *0.419  0.052
    41          ?    6:kaget      +   0.022  0.004  0.014  0.282  0.077 *0.433  0.168
    42          ?   7:netral      +   0.011  0.008  0.01   0.35   0.038  0.048 *0.536
    43          ?   7:netral      +   0.145  0.027  0.034  0.068  0.04   0.117 *0.569
    44          ?   7:netral      +   0.03   0      0.077  0.165  0.096  0.209 *0.423
    45          ?    3:takut      +   0.065  0.01  *0.84   0.026  0.03   0.014  0.014
    46          ?   4:senang      +   0.025  0      0.013 *0.509  0.043  0.01   0.399
    47          ?   4:senang      +   0.147  0.055  0.205 *0.274  0.163  0.079  0.077
    48          ?   4:senang      +   0.013  0.009  0.087 *0.492  0.015  0.21   0.174
    49          ?   4:senang      +   0.001  0      0.092 *0.802  0.005  0.09   0.009
    50          ?    3:takut      +   0.049  0.037 *0.366  0.183  0.055  0.053  0.257
    51          ?    5:sedih      +   0.149  0.115  0.152  0.122 *0.159  0.159  0.145
    52          ?   4:senang      +   0.036  0.007  0.007 *0.664  0.033  0.04   0.213
    53          ?   4:senang      +   0.001  0      0.002 *0.978  0.003  0.015  0.002
    54          ?    3:takut      +   0.012  0.005 *0.826  0.128  0.015  0.007  0.007
    55          ?   4:senang      +   0.004  0.005  0.003 *0.907  0.028  0.017  0.035
    56          ?   4:senang      +   0.063  0.046  0.199 *0.466  0.078  0.071  0.078
    57          ?   4:senang      +   0.233  0.003  0.111 *0.478  0.054  0.036  0.084
    58          ?   4:senang      +   0.04   0.029  0.098 *0.549  0.192  0.044  0.047
    59          ?   4:senang      +   0      0      0     *1      0      0      0    
    60          ?   4:senang      +   0.048  0.011  0.205 *0.533  0.164  0.018  0.021
    61          ?   4:senang      +   0.066  0.115  0.252 *0.368  0.056  0.099  0.043
    62          ?    3:takut      +   0.008  0.006 *0.769  0.189  0.01   0.009  0.01 
    63          ?   4:senang      +   0.011  0.001  0.012 *0.866  0.039  0.018  0.053
    64          ?   4:senang      +   0.002  0.001  0.005 *0.979  0.009  0.002  0.002
    65          ?   4:senang      +   0.011  0.001  0.013 *0.896  0.051  0.008  0.02 
    66          ?   4:senang      +   0.095  0.036  0.044 *0.356  0.213  0.206  0.05 
    67          ?    5:sedih      +   0.05   0.001  0.01   0.229 *0.628  0.051  0.03 
    68          ?   4:senang      +   0.047  0.011  0.042 *0.61   0.086  0.091  0.113
    69          ?   4:senang      +   0      0      0     *0.995  0.001  0.001  0.003
    70          ?   4:senang      +   0.005  0      0.042 *0.558  0.027  0.167  0.2  
    71          ?   4:senang      +   0.029  0      0.016 *0.338  0.141  0.224  0.253
    72          ?   4:senang      +   0.003  0.001  0.015 *0.843  0.114  0.023  0.001
