=== Predictions on test set ===

inst#,    actual, predicted, error, probability distribution
     1          ?    6:kaget      +   0.006  0.003  0.207  0.078  0.016 *0.464  0.226
     2          ?    6:kaget      +   0.022  0.016  0.221  0.092  0.151 *0.353  0.146
     3          ?   7:netral      +   0.157  0.03   0.073  0.037  0.044  0.042 *0.617
     4          ?    5:sedih      +   0.083  0.003  0.123  0.052 *0.567  0.169  0.004
     5          ?    5:sedih      +   0.031  0.022  0.2    0.14  *0.33   0.169  0.108
     6          ?   7:netral      +   0.004  0.001  0.01   0.001  0.002  0.003 *0.978
     7          ?   7:netral      +   0.036  0.007  0.022  0.021  0.033  0.2   *0.682
     8          ?    1:marah      +  *0.529  0.006  0.057  0.088  0.174  0.109  0.037
     9          ?    3:takut      +   0.026  0.019 *0.542  0.056  0.031  0.116  0.209
    10          ?    3:takut      +   0.025  0.001 *0.921  0.023  0.012  0.005  0.013
    11          ?    3:takut      +   0.232  0.028 *0.253  0.177  0.093  0.171  0.046
    12          ?    3:takut      +   0.057  0.042 *0.404  0.057  0.194  0.062  0.185
    13          ?   7:netral      +   0.202  0.038  0.045  0.101  0.173  0.22  *0.22 
    14          ?    3:takut      +   0.073  0.003 *0.4    0.136  0.072  0.31   0.006
    15          ?    3:takut      +   0.163  0.013 *0.619  0.019  0.085  0.059  0.041
    16          ?   4:senang      +   0.049  0      0.256 *0.564  0.094  0.028  0.009
    17          ?    6:kaget      +   0.014  0.002  0.003  0.007  0.012 *0.947  0.015
    18          ?    1:marah      +  *0.51   0.024  0.03   0.059  0.107  0.137  0.133
    19          ?    1:marah      +  *0.539  0.01   0.151  0.063  0.18   0.044  0.014
    20          ?    1:marah      +  *0.466  0.009  0.043  0.109  0.311  0.038  0.024
    21          ?    6:kaget      +   0.083  0.061  0.213  0.178  0.097 *0.273  0.094
    22          ?    5:sedih      +   0      0      0      0     *1      0      0    
    23          ?    1:marah      +  *0.39   0.181  0.087  0.122  0.167  0.04   0.013
    24          ?    3:takut      +   0.032  0.057 *0.551  0.144  0.151  0.046  0.019
    25          ?    1:marah      +  *1      0      0      0      0      0      0    
    26          ?    2:jijik      +   0.047 *0.265  0.175  0.132  0.105  0.203  0.074
    27          ?    5:sedih      +   0.149  0.115  0.152  0.122 *0.159  0.159  0.145
    28          ?   4:senang      +   0.131  0.1    0.127 *0.228  0.142  0.14   0.132
    29          ?    5:sedih      +   0.205  0.019  0.072  0.192 *0.458  0.028  0.027
    30          ?    1:marah      +  *0.691  0.002  0.13   0.03   0.058  0.078  0.011
    31          ?    1:marah      +  *0.92   0.001  0.047  0.012  0.008  0.008  0.004
    32          ?    1:marah      +  *0.976  0      0.003  0.004  0.016  0      0    
    33          ?   4:senang      +   0.274  0.008  0.117 *0.342  0.027  0.025  0.207
    34          ?    5:sedih      +   0.003  0.002  0.011  0.065 *0.848  0.055  0.015
    35          ?    3:takut      +   0.248  0.005 *0.305  0.106  0.268  0.062  0.007
    36          ?    5:sedih      +   0.05   0.037  0.046  0.324 *0.331  0.16   0.052
    37          ?   7:netral      +   0      0      0.005  0.001  0.005  0.261 *0.727
    38          ?   4:senang      +   0.012  0.067  0.043 *0.647  0.055  0.156  0.02 
    39          ?   4:senang      +   0      0      0     *0.999  0      0      0    
    40          ?   4:senang      +   0.001  0      0.002 *0.956  0.037  0.003  0    
    41          ?   7:netral      +   0      0      0.003  0.003  0      0     *0.993
    42          ?   4:senang      +   0.053  0.038  0.16  *0.419  0.202  0.06   0.068
    43          ?    5:sedih      +   0.157  0.015  0.073  0.276 *0.395  0.064  0.021
    44          ?    3:takut      +   0.144  0.16  *0.307  0.086  0.131  0.125  0.047
    45          ?   4:senang      +   0.055  0.041  0.051 *0.614  0.122  0.059  0.057
    46          ?    5:sedih      +   0.094  0.071  0.091  0.245 *0.305  0.1    0.094
    47          ?   4:senang      +   0.022  0.016  0.079 *0.398  0.076  0.12   0.289
    48          ?    6:kaget      +   0.032  0.001  0.04   0.012  0.014 *0.899  0.002
    49          ?    3:takut      +   0.203  0.146 *0.429  0.074  0.1    0.011  0.037
    50          ?    1:marah      +  *0.337  0.006  0.083  0.145  0.242  0.167  0.02 
    51          ?    1:marah      +  *0.276  0.025  0.118  0.185  0.243  0.114  0.039
    52          ?    1:marah      +  *0.934  0.006  0.02   0.007  0.017  0.008  0.008
    53          ?    3:takut      +   0.225  0.021 *0.314  0.131  0.188  0.091  0.029
    54          ?    5:sedih      +   0.2    0.038  0.049  0.174 *0.435  0.053  0.05 
    55          ?    1:marah      +  *0.559  0.021  0.025  0.056  0.096  0.122  0.122
    56          ?    1:marah      +  *0.709  0.008  0.038  0.118  0.078  0.036  0.013
    57          ?   7:netral      +   0.249  0.016  0.019  0.019  0.023  0.022 *0.651
    58          ?   7:netral      +   0.017  0.013  0.061  0.103  0.059  0.075 *0.673
    59          ?    3:takut      +   0.189  0.033 *0.337  0.177  0.081  0.154  0.029
    60          ?   4:senang      +   0.055  0.102  0.13  *0.437  0.167  0.079  0.03 
    61          ?    2:jijik      +   0.044 *0.499  0.056  0.259  0.083  0.055  0.003
    62          ?   4:senang      +   0.007  0      0.133 *0.806  0.034  0.015  0.004
    63          ?   4:senang      +   0.005  0      0.006 *0.837  0.087  0.024  0.041
    64          ?   4:senang      +   0.02   0.002  0.015 *0.854  0.103  0.003  0.003
    65          ?    6:kaget      +   0.145  0.003  0.03   0.207  0.293 *0.3    0.021
    66          ?    5:sedih      +   0.145  0.013  0.016  0.29  *0.497  0.02   0.02 
    67          ?   4:senang      +   0.025  0.018  0.021 *0.426  0.233  0.136  0.141
    68          ?    5:sedih      +   0.07   0.013  0.045  0.15  *0.328  0.096  0.298
    69          ?   7:netral      +   0.104  0.079  0.202  0.181  0.113  0.111 *0.209
    70          ?   7:netral      +   0.013  0.01   0.012  0.013  0.015  0.014 *0.922
    71          ?    1:marah      +  *0.876  0.001  0.043  0.007  0.034  0.038  0.001
    72          ?    5:sedih      +   0.146  0.11   0.136  0.136 *0.163  0.157  0.153
    73          ?    1:marah      +  *0.997  0      0      0.001  0      0      0    
    74          ?    6:kaget      +   0.128  0.097  0.124  0.111  0.139 *0.273  0.128
