=== Predictions on test set ===

inst#,    actual, predicted, error, probability distribution
     1          ?    3:takut      +   0.042  0.01  *0.447  0.045  0.306  0.13   0.02 
     2          ?    1:marah      +  *0.254  0.064  0.247  0.074  0.184  0.091  0.085
     3          ?    5:sedih      +   0.126  0.029  0.232  0.063 *0.445  0.048  0.058
     4          ?   7:netral      +   0.027  0.007  0.028  0.055  0.134  0.04  *0.709
     5          ?    5:sedih      +   0.201  0.224  0.107  0.04  *0.275  0.131  0.022
     6          ?   7:netral      +   0.082  0.062  0.076  0.076  0.273  0.088 *0.343
     7          ?    1:marah      +  *0.643  0      0.001  0.004  0.35   0.001  0.001
     8          ?   7:netral      +   0.044  0.033  0.041  0.041  0.049  0.048 *0.742
     9          ?    1:marah      +  *0.498  0.031  0.077  0.039  0.093  0.045  0.217
    10          ?    1:marah      +  *0.514  0      0.024  0.168  0.186  0.017  0.09 
    11          ?    1:marah      +  *0.509  0.048  0.178  0.059  0.071  0.069  0.067
    12          ?    1:marah      +  *0.874  0      0.013  0.005  0.052  0.025  0.031
    13          ?    1:marah      +  *0.287  0.055  0.07   0.063  0.078  0.23   0.217
    14          ?    5:sedih      +   0.149  0.115  0.152  0.122 *0.159  0.159  0.145
    15          ?    1:marah      +  *0.39   0.023  0.024  0.085  0.327  0.109  0.041
    16          ?    1:marah      +  *0.342  0.087  0.111  0.099  0.124  0.122  0.115
    17          ?    6:kaget      +   0.083  0.031  0.077  0.27   0.138 *0.357  0.043
    18          ?    5:sedih      +   0.03   0.005  0.019  0.016 *0.832  0.073  0.025
    19          ?    5:sedih      +   0.06   0.001  0.008  0.01  *0.661  0.009  0.252
    20          ?    5:sedih      +   0.036  0.013  0.032  0.018 *0.663  0.177  0.059
    21          ?    5:sedih      +   0.146  0.11   0.136  0.136 *0.163  0.157  0.153
    22          ?    6:kaget      +   0.122  0.023  0.055  0.061  0.175 *0.531  0.033
    23          ?    5:sedih      +   0.034  0.012  0.029  0.072 *0.392  0.367  0.095
    24          ?    5:sedih      +   0.136  0.026  0.095  0.064 *0.607  0.037  0.036
    25          ?    5:sedih      +   0.017  0.004  0.096  0.018 *0.84   0.018  0.006
    26          ?   7:netral      +   0.003  0      0      0      0.003  0     *0.994
    27          ?    5:sedih      +   0.149  0.115  0.152  0.122 *0.159  0.159  0.145
    28          ?    5:sedih      +   0.181  0.007  0.008  0.034 *0.646  0.01   0.114
    29          ?    1:marah      +  *0.488  0.018  0.022  0.195  0.223  0.027  0.027
    30          ?    5:sedih      +   0.004  0      0.001  0.006 *0.944  0      0.045
    31          ?    5:sedih      +   0.007  0.001  0.001  0.004 *0.894  0.069  0.024
    32          ?    5:sedih      +   0.1    0.076  0.097  0.087 *0.434  0.107  0.1  
    33          ?    5:sedih      +   0.015  0      0.006  0.004 *0.96   0.003  0.012
    34          ?    5:sedih      +   0.063  0.023  0.216  0.034 *0.593  0.035  0.036
    35          ?   7:netral      +   0.115  0.043  0.102  0.114  0.065  0.062 *0.499
    36          ?    1:marah      +  *0.257  0.098  0.125  0.112  0.14   0.138  0.13 
    37          ?    1:marah      +  *0.664  0.004  0.009  0.005  0.243  0.006  0.069
    38          ?    5:sedih      +   0.195  0.037  0.046  0.183 *0.436  0.053  0.051
    39          ?    5:sedih      +   0.224  0      0.004  0.055 *0.669  0.006  0.042
    40          ?    5:sedih      +   0.111  0.027  0.232  0.181 *0.363  0.041  0.045
    41          ?   7:netral      +   0.008  0.007  0.135  0.025  0.173  0.112 *0.539
    42          ?   4:senang      +   0.117  0.089  0.114 *0.307  0.128  0.126  0.118
    43          ?    5:sedih      +   0.038  0.014  0.035  0.071 *0.74   0.082  0.02 
    44          ?    6:kaget      +   0.031  0.012  0.056  0.063  0.359 *0.41   0.068
    45          ?    5:sedih      +   0.146  0.11   0.136  0.136 *0.163  0.157  0.153
    46          ?   7:netral      +   0.008  0.003  0.01   0.008  0.009  0.004 *0.957
    47          ?   7:netral      +   0      0      0.002  0      0.001  0.002 *0.995
    48          ?   4:senang      +   0.188  0.027  0.113 *0.394  0.189  0.042  0.048
    49          ?   7:netral      +   0      0      0      0      0      0     *1    
    50          ?    5:sedih      +   0.149  0.115  0.152  0.122 *0.159  0.159  0.145
    51          ?   4:senang      +   0.043  0.016  0.039 *0.302  0.296  0.211  0.094
    52          ?   4:senang      +   0.054  0.04   0.288 *0.323  0.061  0.175  0.059
    53          ?    3:takut      +   0.092  0.17  *0.21   0.197  0.144  0.135  0.052
    54          ?    5:sedih      +   0.106  0.026  0.032  0.035 *0.647  0.115  0.039
    55          ?    5:sedih      +   0.049  0.012  0.015  0.016 *0.675  0.161  0.072
    56          ?   7:netral      +   0.005  0      0.002  0.001  0.002  0.004 *0.986
    57          ?   7:netral      +   0.044  0.003  0.026  0.038  0.051  0.202 *0.636
    58          ?    5:sedih      +   0.026  0.02   0.098  0.073 *0.7    0.028  0.055
    59          ?    3:takut      +   0.134  0.034 *0.498  0.042  0.199  0.048  0.047
    60          ?    5:sedih      +   0.119  0      0.01   0.005 *0.797  0.016  0.054
    61          ?    5:sedih      +   0.146  0.11   0.136  0.136 *0.163  0.157  0.153
    62          ?    5:sedih      +   0.09   0.068  0.167  0.084 *0.4    0.097  0.094
    63          ?    5:sedih      +   0.174  0.044  0.162  0.108 *0.388  0.063  0.061
    64          ?    1:marah      +  *0.4    0.001  0.031  0.04   0.152  0.114  0.261
