=== Predictions on test set ===

inst#,    actual, predicted, error, probability distribution
     1          ?   4:senang      +   0.011  0.008  0.009 *0.935  0.013  0.012  0.012
     2          ?    5:sedih      +   0.202  0.076  0.094  0.189 *0.225  0.109  0.106
     3          ?    5:sedih      +   0.004  0.003  0.013  0.012 *0.96   0.004  0.004
     4          ?   7:netral      +   0.269  0.049  0.055  0.077  0.081  0.074 *0.395
     5          ?    3:takut      +   0.207  0.015 *0.536  0.058  0.134  0.023  0.027
     6          ?    5:sedih      +   0.148  0.112  0.144  0.129 *0.161  0.158  0.149
     7          ?    3:takut      +   0.07   0.052 *0.481  0.075  0.165  0.077  0.08 
     8          ?    3:takut      +   0.093  0.017 *0.661  0.023  0.106  0.075  0.025
     9          ?    6:kaget      +   0.044  0.033  0.083  0.166  0.148 *0.479  0.046
    10          ?    3:takut      +   0.013  0.001 *0.749  0.002  0.033  0.196  0.007
    11          ?    5:sedih      +   0.149  0.115  0.152  0.122 *0.159  0.159  0.145
    12          ?    5:sedih      +   0.311  0.047  0.121  0.054 *0.338  0.066  0.063
    13          ?    5:sedih      +   0.001  0.001  0.006  0     *0.991  0.001  0    
    14          ?    3:takut      +   0      0     *1      0      0      0      0    
    15          ?    3:takut      +   0.01   0.004 *0.893  0.023  0.036  0.028  0.006
    16          ?    3:takut      +   0.008  0     *0.576  0.004  0.034  0.075  0.302
    17          ?    3:takut      +   0.076  0.056 *0.541  0.076  0.087  0.082  0.082
    18          ?    6:kaget      +   0.039  0.029  0.211  0.118  0.045 *0.514  0.043
    19          ?    5:sedih      +   0.142  0.104  0.121  0.152 *0.166  0.155  0.16 
    20          ?   7:netral      +   0.105  0.076  0.086  0.12   0.126  0.116 *0.371
    21          ?    5:sedih      +   0.111  0.027  0.302  0.042 *0.354  0.122  0.043
    22          ?    5:sedih      +   0.09   0      0.004  0.003 *0.893  0.008  0    
    23          ?    5:sedih      +   0.111  0.007  0.284  0.039 *0.518  0.03   0.01 
    24          ?    5:sedih      +   0.002  0.001  0.004  0.002 *0.988  0.003  0.001
    25          ?    5:sedih      +   0.001  0      0.004  0.003 *0.988  0.004  0    
    26          ?    5:sedih      +   0.028  0.002  0.028  0.003 *0.93   0.006  0.003
    27          ?    5:sedih      +   0.033  0.025  0.031  0.062 *0.778  0.036  0.035
    28          ?    5:sedih      +   0.083  0.064  0.244  0.073 *0.363  0.089  0.084
    29          ?    5:sedih      +   0.071  0.054  0.069  0.123 *0.537  0.075  0.071
    30          ?    2:jijik      +   0.123 *0.343  0.055  0.031  0.281  0.134  0.033
    31          ?    6:kaget      +   0.046  0.034  0.326  0.046  0.052 *0.447  0.05 
    32          ?   4:senang      +   0.079  0.06   0.074 *0.443  0.176  0.085  0.083
    33          ?    3:takut      +   0.001  0     *0.993  0.001  0.003  0.001  0    
    34          ?    6:kaget      +   0.052  0.039  0.145  0.145  0.231 *0.335  0.054
    35          ?    6:kaget      +   0.011  0.002  0.218  0.006  0.013 *0.745  0.003
    36          ?    3:takut      +   0.104  0.078 *0.386  0.097  0.115  0.112  0.108
    37          ?    1:marah      +  *0.398  0      0.044  0.019  0.391  0.031  0.117
    38          ?    5:sedih      +   0.127  0.097  0.124  0.111 *0.277  0.136  0.128
    39          ?    6:kaget      +   0.101  0.076  0.187  0.094  0.112 *0.325  0.105
    40          ?   4:senang      +   0.1    0.073  0.17  *0.319  0.116  0.109  0.113
    41          ?    3:takut      +   0.036  0.147 *0.411  0.049  0.086  0.221  0.051
    42          ?    5:sedih      +   0.033  0.025  0.028  0.143 *0.624  0.109  0.038
    43          ?    5:sedih      +   0.063  0.047  0.113  0.063 *0.577  0.069  0.069
