inst#,    actual, predicted, error, probability distribution
     1          ?    3:takut      +   0.025  0.008 *0.538  0.038  0.356  0.02   0.016
     2          ?    1:marah      +  *0.287  0.06   0.234  0.071  0.182  0.084  0.081
     3          ?    3:takut      +   0.007  0.005 *0.867  0.01   0.096  0.006  0.009
     4          ?   7:netral      +   0.001  0      0      0.004  0.004  0.002 *0.988
     5          ?    5:sedih      +   0.253  0.248  0.02   0.045 *0.343  0.067  0.024
     6          ?   7:netral      +   0.081  0.076  0.094  0.096  0.123  0.104 *0.426
     7          ?    5:sedih      +   0.063  0      0.001  0.004 *0.922  0.008  0.002
     8          ?   7:netral      +   0.034  0.032  0.04   0.081  0.052  0.044 *0.717
     9          ?    1:marah      +  *0.62   0.028  0.034  0.035  0.089  0.038  0.155
    10          ?    6:kaget      +   0.162  0      0.027  0.185  0.25  *0.271  0.106
    11          ?    1:marah      +  *0.669  0.042  0.052  0.053  0.068  0.057  0.059
    12          ?    1:marah      +  *0.326  0      0.015  0.014  0.233  0.292  0.12 
    13          ?    6:kaget      +   0.13   0.055  0.071  0.064  0.082 *0.379  0.22 
    14          ?    5:sedih      +   0.15   0.113  0.152  0.122 *0.159  0.159  0.145
    15          ?    5:sedih      +   0.305  0.024  0.024  0.088 *0.428  0.091  0.041
    16          ?    1:marah      +  *0.382  0.08   0.104  0.094  0.121  0.112  0.108
    17          ?   4:senang      +   0.058  0.027  0.136 *0.346  0.132  0.262  0.038
    18          ?    5:sedih      +   0.042  0.005  0.006  0.007 *0.866  0.052  0.022
    19          ?    5:sedih      +   0.01   0.001  0.009  0.007 *0.707  0.012  0.254
    20          ?    5:sedih      +   0.082  0.017  0.143  0.023 *0.474  0.186  0.075
    21          ?    6:kaget      +   0.081  0.076  0.095  0.097  0.123 *0.42   0.107
    22          ?    6:kaget      +   0.098  0.017  0.041  0.023  0.148 *0.648  0.025
    23          ?    5:sedih      +   0.056  0.022  0.05   0.065 *0.405  0.234  0.167
    24          ?    5:sedih      +   0.249  0.023  0.029  0.03  *0.604  0.032  0.033
    25          ?    5:sedih      +   0.008  0.004  0.143  0.02  *0.794  0.024  0.007
    26          ?   7:netral      +   0      0      0      0      0.002  0     *0.997
    27          ?    5:sedih      +   0.15   0.113  0.152  0.122 *0.159  0.159  0.145
    28          ?    5:sedih      +   0.117  0.007  0.009  0.035 *0.708  0.009  0.115
    29          ?    1:marah      +  *0.564  0.013  0.016  0.144  0.227  0.018  0.019
    30          ?    5:sedih      +   0      0      0.001  0.003 *0.957  0.001  0.038
    31          ?    5:sedih      +   0.001  0.001  0.001  0.003 *0.933  0.035  0.026
    32          ?    5:sedih      +   0.089  0.075  0.096  0.087 *0.45   0.104  0.1  
    33          ?    5:sedih      +   0.001  0      0.014  0.003 *0.97   0.002  0.01 
    34          ?    3:takut      +   0.066  0.015 *0.622  0.023  0.229  0.021  0.024
    35          ?   7:netral      +   0.088  0.046  0.055  0.127  0.08   0.063 *0.541
    36          ?    1:marah      +  *0.236  0.099  0.128  0.116  0.15   0.138  0.133
    37          ?    5:sedih      +   0.075  0.01   0.035  0.013 *0.68   0.013  0.173
    38          ?    1:marah      +  *0.65   0.015  0.019  0.077  0.197  0.021  0.021
    39          ?    5:sedih      +   0.03   0      0.005  0.019 *0.897  0.011  0.039
    40          ?    3:takut      +   0.02   0.015 *0.621  0.051  0.249  0.019  0.024
    41          ?   7:netral      +   0.007  0.005  0.105  0.016  0.18   0.098 *0.589
    42          ?   4:senang      +   0.118  0.099  0.129 *0.233  0.15   0.138  0.133
    43          ?    5:sedih      +   0.045  0.014  0.035  0.018 *0.792  0.077  0.02 
    44          ?    6:kaget      +   0.029  0.01   0.024  0.028  0.352 *0.497  0.06 
    45          ?    3:takut      +   0.104  0.098 *0.244  0.124  0.158  0.135  0.137
    46          ?   7:netral      +   0.004  0.003  0.012  0.008  0.009  0.014 *0.951
    47          ?   7:netral      +   0      0      0.002  0.001  0.001  0.002 *0.995
    48          ?   4:senang      +   0.087  0.028  0.057 *0.422  0.32   0.036  0.049
    49          ?   7:netral      +   0      0      0      0      0      0     *1    
    50          ?    5:sedih      +   0.15   0.113  0.152  0.122 *0.159  0.159  0.145
    51          ?    5:sedih      +   0.051  0.013  0.016  0.146 *0.369  0.326  0.078
    52          ?    6:kaget      +   0.018  0.019  0.115  0.158  0.033 *0.627  0.028
    53          ?    3:takut      +   0.072  0.126 *0.499  0.062  0.124  0.067  0.051
    54          ?    5:sedih      +   0.048  0.025  0.03   0.034 *0.691  0.136  0.037
    55          ?    5:sedih      +   0.022  0.011  0.014  0.015 *0.704  0.184  0.05 
    56          ?   7:netral      +   0.002  0      0.002  0      0.002  0.017 *0.976
    57          ?   7:netral      +   0.018  0.003  0.035  0.03   0.063  0.138 *0.712
    58          ?    5:sedih      +   0.043  0.041  0.201  0.154 *0.392  0.056  0.113
    59          ?    3:takut      +   0.124  0.029 *0.542  0.037  0.188  0.04   0.041
    60          ?    5:sedih      +   0.02   0      0.003  0.003 *0.813  0.128  0.033
    61          ?    3:takut      +   0.084  0.079 *0.392  0.1    0.127  0.108  0.11 
    62          ?    5:sedih      +   0.057  0.053  0.331  0.067 *0.344  0.073  0.075
    63          ?    5:sedih      +   0.166  0.039  0.049  0.099 *0.378  0.214  0.055
    64          ?   7:netral      +   0.099  0.001  0.047  0.036  0.2    0.294 *0.323