inst#,    actual, predicted, error, probability distribution
     1          ?    1:marah      +  *0.331  0.062  0.077  0.157  0.2    0.085  0.087
     2          ?    5:sedih      +   0.003  0.003  0.015  0.014 *0.956  0.004  0.005
     3          ?   7:netral      +   0.208  0.039  0.256  0.062  0.077  0.051 *0.308
     4          ?    3:takut      +   0.091  0.016 *0.576  0.066  0.199  0.021  0.03 
     5          ?    5:sedih      +   0.134  0.112  0.145  0.132 *0.17   0.156  0.151
     6          ?    3:takut      +   0.012  0.014 *0.862  0.021  0.052  0.019  0.021
     7          ?    3:takut      +   0.095  0.025 *0.536  0.034  0.172  0.101  0.036
     8          ?    6:kaget      +   0.024  0.022  0.112  0.085  0.109 *0.617  0.031
     9          ?    3:takut      +   0.001  0     *0.977  0      0.002  0.02   0    
    10          ?    5:sedih      +   0.15   0.113  0.152  0.122 *0.159  0.159  0.145
    11          ?    5:sedih      +   0.127  0.053  0.208  0.063 *0.403  0.074  0.072
    12          ?    5:sedih      +   0      0      0.005  0     *0.993  0      0    
    13          ?    1:marah      +  *0.36   0.007  0.327  0.032  0.151  0.109  0.014
    14          ?    3:takut      +   0.029  0.007 *0.788  0.036  0.089  0.039  0.012
    15          ?   7:netral      +   0.003  0      0.37   0.003  0.071  0.149 *0.405
    16          ?    3:takut      +   0.051  0.054 *0.577  0.074  0.093  0.073  0.079
    17          ?    6:kaget      +   0.022  0.023  0.054  0.093  0.039 *0.736  0.033
    18          ?    5:sedih      +   0.093  0.109  0.125  0.161 *0.201  0.145  0.166
    19          ?   7:netral      +   0.061  0.08   0.088  0.128  0.158  0.105 *0.381
    20          ?    5:sedih      +   0.036  0.024  0.365  0.038 *0.375  0.125  0.038
    21          ?    5:sedih      +   0.045  0      0.001  0.002 *0.95   0.001  0    
    22          ?    5:sedih      +   0.096  0.007  0.065  0.083 *0.625  0.113  0.011
    23          ?    5:sedih      +   0.001  0      0.002  0.001 *0.992  0.002  0.001
    24          ?    5:sedih      +   0.001  0      0.001  0.001 *0.995  0.002  0    
    25          ?    5:sedih      +   0.056  0.003  0.053  0.005 *0.874  0.004  0.005
    26          ?    5:sedih      +   0.026  0.024  0.03   0.031 *0.822  0.033  0.034
    27          ?    5:sedih      +   0.074  0.062  0.243  0.073 *0.377  0.087  0.084
    28          ?    5:sedih      +   0.066  0.056  0.072  0.065 *0.588  0.078  0.075
    29          ?    2:jijik      +   0.18  *0.283  0.045  0.026  0.26   0.179  0.028
    30          ?    3:takut      +   0.029  0.03  *0.434  0.041  0.052  0.369  0.044
    31          ?   4:senang      +   0.068  0.064  0.079 *0.405  0.206  0.088  0.09 
    32          ?    3:takut      +   0.002  0.001 *0.978  0.003  0.012  0.003  0.001
    33          ?    6:kaget      +   0.033  0.031  0.154  0.157  0.2   *0.34   0.087
    34          ?    6:kaget      +   0.008  0.003  0.073  0.009  0.022 *0.881  0.004
    35          ?    3:takut      +   0.056  0.053 *0.592  0.067  0.085  0.073  0.074
    36          ?    5:sedih      +   0.237  0.001  0.144  0.022 *0.366  0.047  0.183
    37          ?    5:sedih      +   0.114  0.096  0.124  0.112 *0.29   0.134  0.129
    38          ?    6:kaget      +   0.075  0.07   0.263  0.089  0.114 *0.29   0.099
    39          ?    3:takut      +   0.044  0.052 *0.355  0.306  0.096  0.069  0.079
    40          ?    3:takut      +   0.02   0.1   *0.285  0.021  0.28   0.245  0.048
    41          ?    5:sedih      +   0.02   0.023  0.027  0.139 *0.693  0.063  0.036
    42          ?    5:sedih      +   0.043  0.045  0.107  0.061 *0.618  0.061  0.065
    43          ?    5:sedih      +   0.004  0.004  0.015  0.033 *0.93   0.006  0.007