inst#,    actual, predicted, error, probability distribution
     1          ?   7:netral      +   0      0.001  0.001  0      0      0.001 *0.998
     2          ?   7:netral      +   0      0      0      0      0      0     *0.999
     3          ?   7:netral      +   0.011  0.001  0.056  0.047  0.006  0.005 *0.874
     4          ?   7:netral      +   0.013  0.017  0.019  0.027  0.034  0.022 *0.868
     5          ?   7:netral      +   0.003  0.001  0.007  0.004  0.018  0.004 *0.963
     6          ?    3:takut      +   0      0     *0.616  0.004  0.002  0.027  0.352
     7          ?    3:takut      +   0.01   0.004 *0.265  0.052  0.202  0.225  0.244
     8          ?   4:senang      +   0.005  0.004  0.016 *0.915  0.021  0.033  0.006
     9          ?    1:marah      +  *0.275  0.058  0.069  0.237  0.199  0.078  0.084
    10          ?   7:netral      +   0.001  0.001  0.247  0.011  0.002  0.016 *0.721
    11          ?    6:kaget      +   0.011  0.014  0.046  0.111  0.11  *0.441  0.266
    12          ?    3:takut      +   0.045  0.024 *0.565  0.259  0.041  0.032  0.035
    13          ?    5:sedih      +   0.134  0.112  0.145  0.132 *0.17   0.156  0.151
    14          ?   7:netral      +   0.022  0      0.004  0.002  0.009  0.104 *0.858
    15          ?    3:takut      +   0.003  0.002 *0.901  0.055  0.007  0.009  0.024
    16          ?   7:netral      +   0.036  0.024  0.311  0.075  0.093  0.124 *0.337
    17          ?    3:takut      +   0.026  0     *0.532  0.019  0.026  0.081  0.316
    18          ?    3:takut      +   0.257  0     *0.542  0.009  0.003  0.15   0.039
    19          ?    3:takut      +   0      0     *0.988  0.003  0.002  0.001  0.006
    20          ?    3:takut      +   0      0     *0.999  0      0      0      0.001
    21          ?    6:kaget      +   0      0      0      0      0     *1      0    
    22          ?    2:jijik      +   0.047 *0.635  0.103  0.046  0.06   0.055  0.053
    23          ?    3:takut      +   0.024  0     *0.516  0.009  0.122  0.037  0.292
    24          ?   7:netral      +   0.003  0.003  0.289  0.031  0.006  0.112 *0.555
    25          ?    6:kaget      +   0.046  0.039  0.05   0.045  0.233 *0.431  0.156
    26          ?    5:sedih      +   0.019  0.018  0.022  0.022 *0.457  0.388  0.074
    27          ?    6:kaget      +   0.002  0.001  0.005  0.009  0.004 *0.966  0.014
    28          ?    2:jijik      +   0     *1      0      0      0      0      0    
    29          ?    2:jijik      +   0.098 *0.73   0.062  0.006  0.069  0.03   0.005
    30          ?    2:jijik      +   0     *1      0      0      0      0      0    
    31          ?    3:takut      +   0.064  0.054 *0.348  0.063  0.324  0.075  0.072
    32          ?    3:takut      +   0.104  0.087 *0.338  0.102  0.131  0.121  0.117
    33          ?    6:kaget      +   0      0      0      0      0     *0.997  0.003
    34          ?    5:sedih      +   0.119  0.112  0.139  0.141 *0.18   0.153  0.156
    35          ?   7:netral      +   0.003  0.004  0.36   0.017  0.007  0.063 *0.545
    36          ?    6:kaget      +   0.002  0      0.008  0.007  0.041 *0.848  0.094