inst#,    actual, predicted, error, probability distribution
     1          ?    5:sedih      +   0      0      0      0.001 *0.994  0.004  0.001
     2          ?   4:senang      +   0.001  0.002  0.014 *0.965  0.006  0.002  0.01 
     3          ?    5:sedih      +   0.002  0      0.014  0.121 *0.604  0.019  0.24 
     4          ?    1:marah      +  *0.259  0.081  0.101  0.205  0.131  0.111  0.113
     5          ?   4:senang      +   0.019  0.02   0.097 *0.444  0.14   0.22   0.059
     6          ?   4:senang      +   0.11   0.009  0.039 *0.406  0.317  0.092  0.026
     7          ?   4:senang      +   0.009  0.011  0.299 *0.435  0.09   0.12   0.036
     8          ?   4:senang      +   0.043  0.02   0.101 *0.514  0.098  0.195  0.028
     9          ?   4:senang      +   0.005  0.001  0.016 *0.608  0.332  0.037  0.002
    10          ?   4:senang      +   0.009  0.01   0.191 *0.493  0.154  0.111  0.032
    11          ?    6:kaget      +   0.158  0.003  0.042  0.228  0.068 *0.462  0.038
    12          ?    1:marah      +  *0.993  0      0.001  0.001  0.002  0.002  0.001
    13          ?   7:netral      +   0.002  0.001  0.026  0.002  0.023  0.02  *0.926
    14          ?    5:sedih      +   0.044  0.001  0.132  0.028 *0.474  0.071  0.249
    15          ?   7:netral      +   0.005  0.108  0.008  0.398  0.015  0.037 *0.43 
    16          ?   4:senang      +   0.017  0      0.022 *0.469  0.408  0.014  0.069
    17          ?   4:senang      +   0.007  0.007  0.017 *0.937  0.012  0.01   0.01 
    18          ?   4:senang      +   0.032  0.005  0.006 *0.765  0.159  0.007  0.025
    19          ?   7:netral      +   0.023  0.001  0.098  0.068  0.068  0.053 *0.688
    20          ?   4:senang      +   0.011  0.003  0.016 *0.53   0.212  0.007  0.222
    21          ?   4:senang      +   0.001  0.001  0.001 *0.986  0.006  0.001  0.004
    22          ?   4:senang      +   0.004  0.005  0.006 *0.926  0.032  0.006  0.021
    23          ?   7:netral      +   0.07   0.012  0.132  0.101  0.212  0.167 *0.305
    24          ?   4:senang      +   0.011  0.012  0.165 *0.506  0.08   0.125  0.101
    25          ?    6:kaget      +   0.01   0.007  0.231  0.086  0.284 *0.284  0.097
    26          ?    6:kaget      +   0.037  0.031  0.162  0.147  0.189 *0.349  0.084
    27          ?    3:takut      +   0.006  0.001 *0.442  0.286  0.098  0.033  0.134
    28          ?    3:takut      +   0.017  0.018 *0.505  0.096  0.122  0.191  0.052
    29          ?    5:sedih      +   0.02   0.003  0.004  0.06  *0.903  0.005  0.005
    30          ?   4:senang      +   0.001  0.001  0.011 *0.982  0.001  0.002  0.003
    31          ?    5:sedih      +   0.15   0.113  0.152  0.122 *0.159  0.159  0.145
    32          ?    6:kaget      +   0.037  0.031  0.162  0.147  0.189 *0.349  0.084
    33          ?   4:senang      +   0.023  0.004  0.042 *0.517  0.068  0.053  0.293
    34          ?   4:senang      +   0.074  0.062  0.161 *0.438  0.094  0.087  0.084
    35          ?   4:senang      +   0      0      0     *0.998  0      0      0.001
    36          ?   4:senang      +   0.012  0.012  0.044 *0.544  0.064  0.05   0.272
    37          ?   4:senang      +   0.011  0.01   0.173 *0.64   0.024  0.088  0.054
    38          ?   4:senang      +   0.007  0.004  0.02  *0.456  0.423  0.047  0.043
    39          ?   4:senang      +   0.012  0.013  0.062 *0.568  0.09   0.141  0.114
    40          ?   4:senang      +   0.007  0.004  0.019 *0.386  0.03   0.218  0.336
    41          ?   7:netral      +   0.008  0.009  0.01   0.378  0.015  0.012 *0.568
    42          ?   7:netral      +   0.059  0.027  0.034  0.07   0.044  0.189 *0.577
    43          ?   7:netral      +   0.004  0      0.024  0.093  0.064  0.321 *0.494
    44          ?    3:takut      +   0.012  0.006 *0.923  0.018  0.022  0.009  0.009
    45          ?   7:netral      +   0.005  0      0.086  0.316  0.07   0.023 *0.5  
    46          ?    1:marah      +  *0.286  0.054  0.067  0.272  0.173  0.074  0.075
    47          ?    3:takut      +   0.011  0.013 *0.27   0.232  0.024  0.21   0.24 
    48          ?    3:takut      +   0      0     *0.985  0.013  0      0.001  0.001
    49          ?    3:takut      +   0.036  0.034 *0.421  0.171  0.055  0.046  0.237
    50          ?    5:sedih      +   0.15   0.113  0.152  0.122 *0.159  0.159  0.145
    51          ?   4:senang      +   0.007  0.009  0.06  *0.469  0.054  0.036  0.364
    52          ?   4:senang      +   0.001  0.001  0.219 *0.758  0.008  0.01   0.004
    53          ?    3:takut      +   0.076  0.02  *0.391  0.379  0.078  0.026  0.031
    54          ?   4:senang      +   0.002  0.008  0.007 *0.837  0.051  0.012  0.084
    55          ?    3:takut      +   0.025  0.036 *0.57   0.187  0.076  0.047  0.06 
    56          ?    3:takut      +   0.088  0.003 *0.529  0.182  0.063  0.046  0.089
    57          ?    3:takut      +   0.013  0.017 *0.454  0.33   0.136  0.023  0.027
    58          ?   4:senang      +   0      0      0     *1      0      0      0    
    59          ?    3:takut      +   0      0     *0.899  0.093  0.006  0      0.001
    60          ?    3:takut      +   0      0.001 *0.977  0.019  0.001  0.001  0.001
    61          ?    3:takut      +   0      0     *0.992  0.007  0      0      0    
    62          ?   4:senang      +   0.008  0.002  0.123 *0.618  0.083  0.044  0.122
    63          ?   4:senang      +   0      0      0.009 *0.989  0.001  0      0    
    64          ?   4:senang      +   0.016  0.003  0.291 *0.334  0.232  0.042  0.081
    65          ?   4:senang      +   0.167  0.031  0.039 *0.475  0.202  0.043  0.044
    66          ?    5:sedih      +   0.044  0.001  0.012  0.129 *0.717  0.065  0.031
    67          ?   4:senang      +   0.062  0.023  0.062 *0.438  0.129  0.057  0.228
    68          ?   4:senang      +   0.001  0      0.002 *0.972  0.009  0      0.016
    69          ?    3:takut      +   0.001  0     *0.551  0.163  0.026  0.06   0.198
    70          ?   7:netral      +   0.007  0      0.034  0.297  0.202  0.156 *0.304
    71          ?   4:senang      +   0.002  0.001  0.034 *0.76   0.173  0.029  0.001
    72          ?   4:senang      +   0.027  0.032  0.037 *0.754  0.059  0.043  0.049