inst#,    actual, predicted, error, probability distribution
     1          ?   7:netral      +   0.01   0.002  0.118  0.015  0.126  0.049 *0.68 
     2          ?   7:netral      +   0.015  0.016  0.095  0.022  0.028  0.173 *0.652
     3          ?    6:kaget      +   0.037  0.031  0.203  0.037  0.047 *0.349  0.295
     4          ?    6:kaget      +   0      0      0      0      0     *1      0    
     5          ?    5:sedih      +   0.093  0.204  0.057  0.024 *0.461  0.071  0.09 
     6          ?    3:takut      +   0.029  0.005 *0.646  0.041  0.087  0.068  0.125
     7          ?    3:takut      +   0      0     *0.967  0.002  0.024  0.001  0.004
     8          ?    3:takut      +   0      0     *0.964  0      0      0.011  0.024
     9          ?    6:kaget      +   0.002  0.02   0.351  0.002  0.003 *0.611  0.013
    10          ?    5:sedih      +   0.15   0.113  0.152  0.122 *0.159  0.159  0.145
    11          ?    3:takut      +   0.044  0.22  *0.341  0.052  0.022  0.302  0.019
    12          ?    5:sedih      +   0.15   0.113  0.152  0.122 *0.159  0.159  0.145
    13          ?    3:takut      +   0.239  0.045 *0.278  0.057  0.072  0.246  0.063
    14          ?    6:kaget      +   0.005  0.001  0.013  0.005  0.003 *0.957  0.016
    15          ?    6:kaget      +   0.09   0.05   0.379  0.01   0.012 *0.424  0.035
    16          ?    6:kaget      +   0.009  0.049  0.364  0.013  0.005 *0.529  0.031
    17          ?    3:takut      +   0.158  0.021 *0.495  0.057  0.036  0.112  0.121
    18          ?    3:takut      +   0.067  0.009 *0.873  0.012  0.015  0.012  0.013
    19          ?    3:takut      +   0.104  0.087 *0.338  0.102  0.131  0.121  0.117
    20          ?    3:takut      +   0.01   0.01  *0.742  0.014  0.036  0.112  0.076
    21          ?    3:takut      +   0      0     *0.998  0      0.001  0      0    
    22          ?    5:sedih      +   0.174  0.011  0.25   0.036 *0.27   0.24   0.018
    23          ?    1:marah      +  *0.307  0.065  0.084  0.076  0.292  0.09   0.087
    24          ?    3:takut      +   0.001  0.001 *0.961  0.004  0.002  0.014  0.016
    25          ?    3:takut      +   0.029  0.008 *0.545  0.01   0.105  0.247  0.056
    26          ?    3:takut      +   0.002  0.006 *0.953  0.006  0.003  0.012  0.019
    27          ?    1:marah      +  *0.307  0.065  0.084  0.076  0.292  0.09   0.087
    28          ?    3:takut      +   0.001  0.001 *0.968  0.002  0.005  0.013  0.01 
    29          ?    1:marah      +  *0.532  0.012  0.102  0.093  0.069  0.138  0.055
    30          ?    6:kaget      +   0.05   0.042  0.327  0.049  0.064 *0.411  0.057
    31          ?    3:takut      +   0.009  0.002 *0.953  0.003  0.008  0.021  0.003
    32          ?    5:sedih      +   0.15   0.113  0.152  0.122 *0.159  0.159  0.145
    33          ?    6:kaget      +   0.017  0.018  0.129  0.025  0.062 *0.487  0.263
    34          ?    6:kaget      +   0.103  0.086  0.224  0.101  0.13  *0.24   0.116
    35          ?    3:takut      +   0      0     *0.999  0      0      0.001  0    
    36          ?    3:takut      +   0      0     *0.973  0.001  0.001  0.024  0.002
    37          ?    3:takut      +   0.002  0.002 *0.825  0.003  0.008  0.044  0.116
    38          ?    3:takut      +   0      0     *0.998  0      0.002  0      0    
    39          ?    6:kaget      +   0      0.001  0.032  0      0.001 *0.966  0    
    40          ?    3:takut      +   0.007  0.027 *0.781  0.015  0.058  0.101  0.012
    41          ?    3:takut      +   0      0     *1      0      0      0      0    
    42          ?   7:netral      +   0.073  0.011  0.128  0.174  0.185  0.157 *0.272
    43          ?    6:kaget      +   0.01   0.004  0.025  0.005  0.014 *0.936  0.006
    44          ?    6:kaget      +   0      0      0.028  0.001  0.001 *0.962  0.009
    45          ?    6:kaget      +   0.047  0.001  0.113  0.242  0.101 *0.426  0.071
    46          ?    6:kaget      +   0.024  0.172  0.378  0.003  0.003 *0.418  0.003
    47          ?    1:marah      +  *0.382  0.08   0.104  0.094  0.121  0.112  0.108
    48          ?    1:marah      +  *0.601  0.004  0.151  0.032  0.068  0.049  0.095
    49          ?    6:kaget      +   0      0.007  0.118  0.001  0     *0.869  0.004
    50          ?    6:kaget      +   0.031  0.015  0.073  0.37   0.071 *0.421  0.02 
    51          ?    6:kaget      +   0.002  0.001  0.043  0.06   0.008 *0.748  0.138